local v0=loadstring(game:HttpGet("https://sirius.menu/rayfield"))();local v1=v0:CreateWindow({Name="FROZEN HUB",Icon=0,LoadingTitle="By SUBZER0",LoadingSubtitle="SubZero",ShowText="Rayfield",Theme="DarkBlue",ToggleUIKeybind="K",ConfigurationSaving={Enabled=true,FileName="Ice Hub"}});local v2=v1:CreateTab("Home",nil);local v3=v1:CreateTab("Teleports",nil);local v4=v3:CreateSection("Teleports");local v5=v1:CreateTab("Combat",nil);local v6=v5:CreateSection("Combat");local v7=v2:CreateSection("Main");v2:CreateButton({Name="INF MONEYYYY MAX MONEY IS 300k (u can have 1 mil in ur bank)",Callback=function() for v96=3,10000 do fireproximityprompt(workspace.JobSystem["Dirty Cash"].CleaningSpot.ProximityPrompt);end end});v2:CreateButton({Name="Tp to jobpoint(do this first)",Callback=function() local v46=game.Players.LocalPlayer.Character.HumanoidRootPart;v46.CFrame=CFrame.new( -117.453773, -46.2133369,231.059723,0.60527283,0,0.796018064,0,1,0, -0.796018064,0,0.60527283);end});v2:CreateButton({Name="Tp to Dirtycash",Callback=function() local v48=game.Players.LocalPlayer.Character.HumanoidRootPart;v48.CFrame=CFrame.new( -128.011566, -48.2337418,175.753036, -0.405458212,3.5352144e-8, -0.914113581,3.4592855e-9,1,3.7139312e-8,0.914113581,1.1896259e-8, -0.405458212);end});local v8=false;v2:CreateToggle({Name="Toggle ATM",CurrentValue=false,Callback=function(v50) v8=v50;local v51=game:GetService("Players").LocalPlayer;local v52=v51.PlayerGui:WaitForChild("ATM");if v52:IsA("ScreenGui") then v52.Enabled=v8;elseif v52:IsA("GuiObject") then v52.Visible=v8;end end});v3:CreateButton({Name="Tp to Black Market",Callback=function() local v53=game.Players.LocalPlayer.Character.HumanoidRootPart;v53.CFrame=CFrame.new( -1362.17175, -58.795578, -557.016418, -0.688344359,0, -0.725384593,0,1,0,0.725384593,0, -0.688344359);end});v3:CreateButton({Name="Tp to ammodealer",Callback=function() local v55=game.Players.LocalPlayer.Character.HumanoidRootPart;v55.CFrame=CFrame.new( -67.4225464, -33.4714012,1100.6781,0.949324846,0,0.314296603,0,1,0, -0.314296603,0,0.949324846);end});v3:CreateButton({Name="Tp to Ice box",Callback=function() local v57=game.Players.LocalPlayer.Character.HumanoidRootPart;v57.CFrame=CFrame.new( -1461.65173, -34.0524254,615.084717,0.755493522,"-0", -0.655156136,0,1,"-0",0.655156136,0,0.755493522);end});v3:CreateButton({Name="Tp to Iphone Store",Callback=function() local v59=game.Players.LocalPlayer.Character.HumanoidRootPart;v59.CFrame=CFrame.new( -1558.1311, -127.453262,129.467117,0.000854432583,"-0", -0.999999702,0,1,"-0",0.999999702,0,0.000854432583);end});v3:CreateButton({Name="Tp to hospital",Callback=function() local v61=game.Players.LocalPlayer.Character.HumanoidRootPart;v61.CFrame=CFrame.new( -816.677551, -21.083477,1541.34351,0.721681476,"-0", -0.692225277,0,1,"-0",0.692225277,0,0.721681476);end});v3:CreateButton({Name="Tp to SafeZone",Callback=function() local v63=game.Players.LocalPlayer.Character.HumanoidRootPart;v63.CFrame=CFrame.new(78.1325302, -32.6243973,166.133789,0.764701307,"-0", -0.644384921,0,1,"-0",0.644384921,0,0.764701307);end});v3:CreateButton({Name="Tp to DealerShip",Callback=function() local v65=game.Players.LocalPlayer.Character.HumanoidRootPart;v65.CFrame=CFrame.new( -1549.23523, -42.5986671,52.2078094,0.439261138,"-0", -0.898359418,0,1,"-0",0.898359418,0,0.439261138);end});local v9={mostwithandbanexynth=true,JaroneRRPAlt=true,NoBetterWay=true,A2_16=true,Jaysebnsvz=true,mike658pro1=true,NotpushP=true,mike36pro=true,inSaNeLySan3=true,BlxcksCrew=true,Antiwipingshii=true,unna22369=true,jayden02771=true,amgisgoofy=true,ef2hipefp2=true,Joshh767=true,gunna22369=true,revisedmemories=true,PDWACKER=true,llBMovinll=true,BANDOTOWHA=true,Xximnooby123xx=true,Bigblackband=true,asfgdh456=true};local v10=game.Players.LocalPlayer;if  not v9[v10.Name] then v10:Kick("JS BUY THE SCRIPT NIGGA");end local v11={Enabled=true,Range=500,Smoothness=0.15,FOV=120,ShowFOV=true,TargetPart="Head",TeamCheck=false,VisualColor=Color3.fromRGB(255,0,0)};local v12=game:GetService("Players");local v13=game:GetService("RunService");local v14=game:GetService("UserInputService");local v15=v12.LocalPlayer;local v16=workspace.CurrentCamera;local v17=Drawing.new("Circle");v17.Thickness=2;v17.Color=Color3.fromRGB(255,255,255);v17.Visible=false;local v21=Instance.new("Highlight");v21.FillTransparency=0.5;v21.OutlineTransparency=0;v21.Enabled=false;v21.Parent=game:GetService("CoreGui");local v26=Instance.new("BillboardGui");v26.Size=UDim2.new(0,200,0,50);v26.AlwaysOnTop=true;v26.ExtentsOffset=Vector3.new(0,0,0);v26.Enabled=false;v26.Parent=game:GetService("CoreGui");local v32=Instance.new("TextLabel");v32.Parent=v26;v32.BackgroundTransparency=1;v32.Size=UDim2.new(1,0,1,0);v32.TextColor3=Color3.fromRGB(255,255,255);v32.TextStrokeTransparency=0.2;v32.TextSize=14;v32.Font=Enum.Font.GothamBold;local v41=v1:CreateTab("combat",4483362458);v41:CreateToggle({Name="Master Switch",CurrentValue=true,Callback=function(v67) v11.Enabled=v67;end});v41:CreateColorPicker({Name="Target Visual Color",Color=Color3.fromRGB(255,0,0),Callback=function(v69) v11.VisualColor=v69;v21.FillColor=v69;v32.TextColor3=v69;end});v41:CreateSlider({Name="Aim Smoothness",Range={0.01,1},Increment=0.01,CurrentValue=0.15,Callback=function(v73) v11.Smoothness=v73;end});v41:CreateSlider({Name="FOV Radius",Range={30,800},Increment=10,CurrentValue=120,Callback=function(v75) v11.FOV=v75;end});function isAlive(v77) local v78=v77 and v77:FindFirstChild("Humanoid") ;return v77 and v78 and (v78.Health>0) ;end function getClosestPlayer() local v79=nil;local v80=v11.FOV;local v81=v14:GetMouseLocation();for v97,v98 in pairs(v12:GetPlayers()) do if ((v98~=v15) and v98.Character and isAlive(v98.Character)) then local v116=v98.Character:FindFirstChild(v11.TargetPart);if v116 then local v131,v132=v16:WorldToViewportPoint(v116.Position);if v132 then local v133=(Vector2.new(v131.X,v131.Y) -v81).Magnitude;if (v133<v80) then v80=v133;v79=v98.Character;end end end end end return v79;end v13.RenderStepped:Connect(function() v17.Position=v14:GetMouseLocation();v17.Radius=v11.FOV;v17.Color=v11.VisualColor;v17.Visible=v11.Enabled;if  not v11.Enabled then v21.Enabled=false;v26.Enabled=false;return;end local v89=getClosestPlayer();if (v89 and isAlive(v89)) then local v107=v89:FindFirstChild("HumanoidRootPart");local v108=v89:FindFirstChild(v11.TargetPart);if (v107 and v108) then v21.Adornee=v89;v21.Enabled=true;v21.FillColor=v11.VisualColor;v26.Adornee=v107;v26.Enabled=true;local v124=math.floor((v107.Position-v16.CFrame.Position).Magnitude);v32.Text=string.format("%s\n%d Studs",v12:GetPlayerFromCharacter(v89).Name,v124);local v126=CFrame.new(v16.CFrame.Position,v108.Position);v16.CFrame=v16.CFrame:Lerp(v126,v11.Smoothness);end else v21.Enabled=false;v26.Enabled=false;end end);v2:CreateButton({Name="infinite jump😊",Callback=function() local v90=true;game:GetService("UserInputService").JumpRequest:connect(function() if v90 then game:GetService("Players").LocalPlayer.Character:FindFirstChildOfClass("Humanoid"):ChangeState("Jumping");end end);end});v3:CreateDropdown({Name="Select Player",Options=GetPlayers(),CurrentOption=nil,MultipleOptions=false,Flag="TeleportPlayer",Callback=function(v91) SelectedPlayer=v91;end});local function v42(v92) local v93=game.Players:FindFirstChild(v92);if v93 then local v111=v93.Character or v93.CharacterAdded:Wait() ;while  not v111:FindFirstChild("HumanoidRootPart") do task.wait(0.1);end return v111;end return nil;end local function v43() if SelectedPlayer then local v112=game.Players.LocalPlayer;local v113=v42(SelectedPlayer);if (v113 and v113:FindFirstChild("HumanoidRootPart")) then local v128=v112.Character;if (v128 and v128:FindFirstChild("HumanoidRootPart")) then v128:SetPrimaryPartCFrame(v113.HumanoidRootPart.CFrame + Vector3.new(0,5,0) );v0:Notify({Title="Teleport Success",Content="Teleported to "   .. SelectedPlayer ,Duration=3});end else v0:Notify({Title="Teleport Failed",Content="Player not found or not loaded!",Duration=3});end else v0:Notify({Title="Teleport Failed",Content="No player selected!",Duration=3});end end local v44=v3:CreateButton({Name="Teleport",Callback=function() v43();end});game.Players.PlayerAdded:Connect(function() PlayerDropdown:SetOptions(GetPlayers());end);game.Players.PlayerRemoving:Connect(function() PlayerDropdown:SetOptions(GetPlayers());end);local v45=v2:CreateButton({Name="DUPEGUNS",Callback=function() local v94=game:GetService("Players");local function v95(v99,v100) local v101=v99.Backpack;for v114,v115 in ipairs(v101:GetChildren()) do if (v115.Name==v100) then local v129=v115:Clone();v129.Parent=v101;break;end end end game.Workspace.DuplicateButton.Touched:Connect(function(v102) local v103=v94:GetPlayerFromCharacter(v102.Parent);if v103 then v95(v103,"ToolName");end end);end});
